chromosome,base_pair_location,variant,effect_allele,other_allele,effect_allele_frequency,pval_BMI_HDL,pval_BMI_LDL,pval_BMI_TG,pval_BMI_FI,pval_BMI_FG,pval_BMI_SBP,pval_BMI_CAD,pval_BMI_T2D,chr_pos
1,11269795,rs1010447,T,C,0.2763,NA,NA,NA,NA,NA,NA,NA,1.96E-8,chr1:11269795
1,51266522,rs3789588,A,G,0.0964,NA,NA,NA,NA,NA,NA,NA,3.0699999999999999E-9,chr1:51266522
1,92993806,rs6603981,C,T,0.1928,NA,NA,NA,NA,NA,NA,NA,NA,chr1:92993806
1,219748817,rs2820446,G,C,0.2863,NA,NA,NA,NA,NA,NA,NA,NA,chr1:219748817
2,27730939,rs1260326,C,T,0.5895,NA,5.1199999999999997E-9,1.7199999999999999E-262,NA,NA,NA,NA,NA,chr2:27730939
2,136608645,rs4988235,A,G,0.508,NA,2.23E-12,NA,NA,NA,NA,NA,NA,chr2:136608645
2,165528623,rs1128249,T,G,0.4344,2.41E-14,6.2000000000000006E-11,2.79E-16,1.51E-9,NA,NA,NA,3.73E-10,chr2:165528623
2,219555572,rs1427445,A,C,0.4254,NA,NA,3.0300000000000002E-13,NA,NA,NA,NA,NA,chr2:219555572
2,227108445,rs2943652,C,T,0.3748,6.5099999999999994E-20,NA,1.14E-16,9.7699999999999996E-11,NA,6.7299999999999995E-10,3.3799999999999999E-9,1.32E-12,chr2:227108445
2,234679383,rs11563251,C,T,0.8817,NA,NA,NA,NA,NA,NA,NA,NA,chr2:234679383
3,12396954,rs2881654,A,G,0.1213,NA,NA,NA,3.9300000000000003E-9,NA,NA,NA,9.4000000000000003E-14,chr3:12396954
3,48077700,rs4392441,T,C,0.6849,NA,NA,NA,NA,NA,9.8500000000000005E-9,NA,NA,chr3:48077700
3,64702274,rs4616635,G,C,0.2664,NA,NA,NA,NA,NA,NA,NA,1.85E-12,chr3:64702274
3,123065777,rs11708067,G,A,0.171,NA,NA,NA,NA,4.3500000000000001E-9,NA,NA,5.4499999999999996E-12,chr3:123065777
3,185505786,rs4481184,C,T,0.6958,NA,NA,NA,NA,NA,NA,NA,5.0100000000000002E-22,chr3:185505786
3,185818881,rs4234589,A,G,0.8618,3.7100000000000001E-33,NA,NA,NA,NA,NA,NA,NA,chr3:185818881
4,89741268,rs3822072,G,A,0.5209,NA,NA,NA,NA,NA,NA,NA,NA,chr4:89741268
4,103188708,rs13107325,T,C,0.0795,NA,NA,NA,NA,NA,1.52E-22,NA,NA,chr4:103188708
5,53298761,rs3776717,G,A,0.7197,7.18E-11,NA,NA,NA,NA,NA,NA,1.7999999999999999E-8,chr5:53298761
5,55806750,rs459193,A,G,0.2913,NA,NA,NA,NA,NA,NA,NA,NA,chr5:55806750
5,55861785,rs9686661,C,T,0.8141,NA,NA,NA,NA,NA,NA,NA,NA,chr5:55861785
5,67714245,rs4976033,A,G,0.5905,NA,NA,NA,NA,NA,NA,NA,NA,chr5:67714245
5,95716721,rs7713317,G,A,0.2783,NA,NA,NA,NA,1.2199999999999999E-10,NA,NA,NA,chr5:95716721
5,158022040,rs2434612,A,G,0.7903,NA,NA,NA,NA,NA,NA,NA,NA,chr5:158022040
5,173362457,rs6861681,G,A,0.7127,NA,NA,NA,NA,NA,NA,NA,NA,chr5:173362457
6,43757895,rs998584,C,A,0.496,6.0699999999999996E-15,NA,2.64E-16,NA,NA,NA,4.7500000000000001E-10,NA,chr6:43757895
6,126764189,rs9385400,T,G,0.5457,NA,NA,NA,NA,NA,NA,NA,NA,chr6:126764189
6,150997400,rs17080091,T,C,0.0716,NA,NA,NA,NA,NA,NA,NA,NA,chr6:150997400
6,160772841,rs539958,T,C,0.4831,NA,2.39E-11,1.4500000000000001E-14,NA,NA,6.7500000000000005E-10,3.1799999999999999E-10,NA,chr6:160772841
7,6449271,rs702485,G,A,0.4354,NA,NA,NA,NA,NA,NA,NA,NA,chr7:6449271
7,28180555,rs864745,T,C,0.4801,NA,NA,NA,NA,NA,NA,NA,9.2899999999999994E-12,chr7:28180555
7,130433383,rs4731702,T,C,0.4493,NA,NA,NA,NA,NA,NA,NA,NA,chr7:130433383
8,9183357,rs9987289,G,A,0.9254,NA,NA,NA,NA,NA,NA,NA,NA,chr8:9183357
8,9195637,rs17149279,T,C,0.2117,1.38E-11,NA,2.7799999999999999E-12,NA,NA,NA,NA,NA,chr8:9195637
8,36825079,rs10090367,A,G,0.8678,NA,NA,NA,NA,NA,NA,NA,NA,chr8:36825079
10,12255174,rs7896600,G,C,0.7416,NA,NA,NA,NA,NA,NA,NA,NA,chr10:12255174
10,104871278,rs10883832,G,T,0.0875,NA,NA,NA,NA,NA,3.4799999999999997E-24,8.8900000000000005E-16,NA,chr10:104871278
10,114758348,rs7903146,C,T,0.6829,NA,NA,NA,NA,4.4200000000000004E-19,1.65E-15,NA,1.7900000000000002E-77,chr10:114758348
10,115792786,rs740746,G,A,0.3221,NA,NA,NA,NA,NA,NA,NA,NA,chr10:115792786
11,17372442,rs7928810,A,C,0.6392,NA,NA,NA,NA,NA,8.8700000000000008E-12,NA,2.2400000000000001E-12,chr11:17372442
11,63869061,rs2845885,T,C,0.9235,7.8800000000000002E-11,NA,9.6000000000000005E-11,NA,NA,NA,NA,NA,chr11:63869061
11,72432984,rs11603334,A,G,0.1501,NA,NA,NA,NA,5.4499999999999998E-10,NA,NA,2.07E-11,chr11:72432984
12,20473757,rs7134375,A,C,0.4016,8.3600000000000001E-11,NA,NA,NA,NA,NA,NA,NA,chr12:20473757
12,26453282,rs718314,A,G,0.7565,NA,NA,NA,NA,NA,NA,NA,NA,chr12:26453282
12,54418919,rs754133,A,G,0.3588,NA,NA,NA,NA,NA,NA,NA,NA,chr12:54418919
12,57844048,rs3741414,T,C,0.1948,2.24E-13,NA,1.2200000000000001E-12,NA,NA,NA,NA,NA,chr12:57844048
12,111910218,rs10774625,G,A,0.5229,1.2800000000000001E-13,NA,NA,NA,NA,3.5199999999999999E-22,2.14E-13,NA,chr12:111910218
12,122781896,rs11057405,G,A,0.9105,1.24E-18,NA,NA,NA,NA,NA,NA,NA,chr12:122781896
12,124409501,rs7133378,A,G,0.3499,5.6199999999999998E-15,NA,2.9000000000000002E-12,NA,NA,NA,NA,NA,chr12:124409501
12,124505443,rs863750,C,T,0.4404,4.5800000000000005E-16,NA,6.3199999999999999E-10,NA,NA,1.7900000000000001E-8,NA,NA,chr12:124505443
14,33302881,rs17522122,T,G,0.4891,NA,NA,NA,NA,NA,5.4299999999999997E-9,NA,NA,chr14:33302881
15,75083493,rs1378940,A,C,0.6133,NA,NA,NA,NA,NA,1.4399999999999999E-15,NA,NA,chr15:75083493
16,4015728,rs879620,T,C,0.6113,NA,NA,NA,NA,5.6700000000000001E-13,NA,NA,NA,chr16:4015728
16,15129458,rs4985155,A,G,0.665,NA,NA,1.47E-12,NA,NA,NA,NA,NA,chr16:15129458
17,7538784,rs2955617,A,C,0.667,NA,NA,NA,NA,NA,NA,NA,NA,chr17:7538784
17,45438951,rs6504872,C,T,0.5298,NA,NA,NA,NA,NA,NA,NA,NA,chr17:45438951
18,60845883,rs12454712,C,T,0.3857,NA,NA,1.25E-9,1.29E-8,NA,NA,NA,2.84E-8,chr18:60845883
19,33899064,rs731839,A,G,0.667,NA,NA,NA,NA,NA,NA,NA,NA,chr19:33899064
19,45395618,rs2075650,A,G,0.8688,2.3999999999999999E-29,1.78E-237,1.3900000000000001E-23,NA,NA,NA,1.2199999999999999E-14,NA,chr19:45395618
20,45592841,rs1211644,C,T,0.2416,NA,NA,NA,NA,NA,NA,NA,NA,chr20:45592841
22,38595410,rs3761445,G,A,0.4115,NA,NA,NA,NA,NA,NA,NA,NA,chr22:38595410
